1
1027
825
3408
1839
4687
52
2010
5426
74
6636
4943
1958
3957
5994
3717
5805
3890
2
7083
4195
3635
1975
512
6535
328
4030
1321
3794
1831
4558
3077
1966
18876
4642
2011
6210
8916
2416
6783
2280
2563
5665
6892
3602
2087
3330
1765
1518
1437
7278
16086
2502
7129
5068
1720
10791
19891
3897
4256
6719
3513
3155
4157
1376
4066
4705
4847
1274
1697
18069
2469
1934
131
2130
7186
8642
5034
4846
8104
7080
5567
2682
6538
6945
8646
873
2694
5692
1168
4269
1772
2634
1659
5632
1684
2586
5370
5647
8677
3801
2083
1896
7455
3822
2777
1808
2099
5488
2405
2577
7653
9903
3945
6187
9444
1455
3783
3640
3628
5964
2300
10603
5864
2499
2566
4279
1042
6836
5728
7501
5691
9258
13855
2496
9816
3306
9436
5617
1698
2700
5824
5604
5899
8000
1214
5566
7461
2856
11584
5690
1343
109
1816
6758
8075
4041
8938
3911
3835
4761
4948
3964
3217
14806
1727
2539
3978
2303
2132
9040
2927
3814
5117
4090
4206
8719
1567
5777
3029
6756
4747
3992
1320
1759
7334
3884
7281
2394
2135
8526
541
8420
11156
1104
1230
1886
1788
10903
5444
18579
5015
7321
8085
4023
18679
11419
6952
7192
4172
6941
9566
3718
5804
5176
12131
7548
5482
20314
3918
17751
7206
4779
11221
5514
5830
9891
12220
4512
10407
12885
11498
16946
3600
17081
3753
2989
4361
7505
20701
11346
14519
6651
16604
2943
3089
7958
19076
8489
9935
5279
11877
2982
5429
5841
9640
291
5185
3951
10746
3748
2765
3795
2071
7226
1757
2868
7429
5161
11289
8766
5198
4189
9543
1817
7878
6953
10688
2299
8335
9308
5268
6843
2297
5113
5026
11396
10442
2467
1974
9025
3441
3437
7096
3012
6951
9119
14556
7817
7189
5625
3855
4006
2840
8891
5618
5892
2780
3662
6748
11374
7737
1680
3914
8911
4807
7046
3626
1586
1762
1710
3418
8857
10529
1637
4120
5612
7959
9417
7288
3773
7236
6958
7242
2320
4039
5821
7824
2273
2588
6950
3816
13769
9868
8290
2585
4660
9285
7486
1883
1732
7232
5072
11171
7543
4092
2137
5326
693
5622
2930
1552
5380
3930
3351
268
4679
5908
7692
7208
4950
6928
14803
10778
7064
11035
11307
19476
4275
7585
5313
9175
3673
6216
17742
15261
3701
2665
10821
7320
17704
8536
12999
8425
2570
9421
4103
3637
5631
5453
5060
2424
7055
2319
3928
5747
6724
10052
3977
12387
4566
9720
7497
4078
2245
19091
5350
7859
7882
4038
3946
10897
7460
2896
2606
4056
8119
4467
1312
6833
13632
11240
8894
1750
11568
2933
5221
10759
19819
7725
2915
15388
8258
5957
10223
7127
213
9104
2866
12140
16463
9892
3695
7150
7957
8613
8107
3866
3742
3714
8100
13523
16876
10729
10750
9020
7102
15257
1700
18919
7590
5266
5007
2492
2222
2553
463
8384
10188
5552
2630
8707
4191
5601
11562
2505
2758
1856
10180
859
18112
258
6727
7311
4064
7411
2776
7672
8083
1785
10293
5401
8972
6841
14822
4953
3218
11206
6138
7431
9721
8200
5966
4036
7591
6859
8037
4862
10334
5610
16352
5049
6520
17917
2827
1521
3968
7535
8985
19063
15678
3874
6069
5810
2941
5865
7576
1993
8245
2143
10641
12064
788
9608
3422
16334
3260
11294
5115
15478
5947
7960
1768
2090
2638
7463
9148
4134
11367
5031
10974
8827
2235
8771
8615
7228
7726
4441
5829
8049
5305
1556
3666
5939
5226
5589
6830
5280
3175
3
2763
9638
4366
5410
3139
12687
5882
6536
3581
4944
11461
7440
6641
5877
1414
5338
2748
10744
7879
6947
7678
5616
16678
2398
3327
1866
2949
8034
2578
15248
7677
5893
16552
2092
7857
5354
11451
8525
2530
7424
2348
4956
9674
8206
2212
10049
4268
7978
6180
5225
4217
2213
10042
19590
11222
6855
20535
2662
8669
5446
11232
8044
8066
4758
10368
3702
9277
5522
4702
5481
7326
16434
2608
13524
14052
1925
7509
17145
8660
7105
2490
10586
11212
2062
7048
3301
2346
8387
7703
2058
1392
2021
7224
7654
6739
3724
5866
1712
2289
4003
5839
11541
8279
7616
8800
6679
7158
2675
5299
9461
1807
9017
5662
6957
4300
8292
8191
3316
4283
118
7087
6430
10631
2916
15585
5794
2134
2861
2873
4710
2341
2447
4167
5435
8602
2937
4951
2934
2354
3829
11330
11345
2465
9194
11234
11783
6193
8438
4118
4901
6669
5274
8541
9637
41
5524
1492
9741
4074
9291
2441
4890
8166
2643
789
5382
7310
8833
10103
13727
1948
2830
4257
11926
6375
5126
3722
1681
8538
4746
2545
99
10933
4200
5626
8616
2992
9170
1503
2882
372
9061
11150
8368
3721
3871
8236
19216
6810
3845
5062
8497
4860
1826
8495
13521
18483
8202
10592
11516
3126
3481
7095
11796
2569
4887
5
6470
8720
5228
11213
13967
7110
4809
4293
13472
8509
6554
9201
3285
9260
16104
13636
1298
3631
10669
9220
2364
3661
2620
8648
5614
5583
377
3965
1169
77
9691
1229
7664
9588
2757
1154
3698
9481
3709
2921
8992
10372
18860
4197
12988
5748
9523
3704
14603
5227
132
8917
5229
1789
4490
3974
1037
4704
8080
10326
6715
8567
2529
5509
4586
7755
8276
10776
2243
7219
8216
8214
1903
1107
2429
8937
9493
3618
8603
8799
2324
11437
9938
470
3136
5328
3756
12148
2576
12727
6993
10046
8424
9111
8617
13503
14304
5079
5719
6731
5802
10294
6665
10527
2110
2081
7502
2306
2223
4060
2709
6588
3617
5634
8579
5224
8163
9473
4287
8968
8422
7866
7412
5086
6726
10462
3875
6801
1908
7059
8732
6929
2572
12137
10336
7395
9288
2276
1706
7964
7617
1758
2891
3772
8996
7637
4769
6901
624
3609
10047
4691
9488
3356
10409
10239
8644
3667
12506
3142
7270
7805
13969
6283
11308
10805
8271
2161
3853
3621
11738
1955
9760
14210
8494
8492
11423
7975
4644
10977
7244
18208
7588
9071
7533
10891
2874
2575
8168
5541
11578
4277
6500
5309
8705
3052
10006
9962
5423
2847
9299
2838
2677
6992
14745
8730
4804
8408
7094
4957
12800
18365
5906
2605
13133
3137
6865
1087
3625
2267
3388
5956
6194
15305
11685
8133
3020
5159
4917
3850
1721
10348
66
11528
9958
15744
11560
7952
4757
3632
6120
9764
2658
15270
11865
2473
3893
8697
5798
576
7553
4173
3345
8399
502
8161
1703
3663
8708
8849
9212
10412
8320
5471
2316
8329
1082
7883
11532
12816
2277
7312
14523
1853
1172
3831
12859
3935
10165
8519
2655
9205
6236
11649
11977
9867
2540
11291
9176
11861
3519
3657
1619
4299
9103
3279
12813
2548
4841
13206
11251
9245
1779
3799
7143
4128
15067
8043
1996
1954
7216
3492
7622
9511
3241
6537
7976
2001
6176
9989
4242
19747
8349
3336
7040
1918
3843
3917
8637
4867
6747
10295
3361
5600
8029
9665
10373
8874
8726
12929
8649
9931
2246
12301
4144
8716
2342
11925
6709
90
6891
2837
5836
3458
14904
2019
19229
8132
4215
3096
7846
2291
3371
11409
2601
7022
4058
2900
14911
8757
10403
7422
9865
2337
4224
10404
5203
9545
3800
4842
4978
14894
10774
13655
1786
9792
707
6209
17241
3908
2909
2307
11533
4017
4075
7033
201
2595
362
2313
11349
10099
2556
8936
3364
2711
11452
10817
15463
2554
8365
1660
4974
10469
8307
4245
9537
10421
2642
6611
5468
9200
8813
2766
5103
7225
5922
1814
2855
6942
2829
8164
8143
11990
9530
3986
2345
3334
8715
3616
1299
12221
3826
9507
7322
8409
2457
11663
12653
11245
12573
4430
9654
16987
9526
12253
4116
3715
3819
2885
12812
1905
11871
2096
2476
8484
6718
7157
2466
5011
11164
2696
5548
3607
2387
1596
7131
9756
2913
1032
12751
3205
3634
93
3877
5835
10704
18184
2041
8385
9155
8772
12293
6882
11700
12302
1876
12066
2430
10803
9441
11448
8
2474
3737
6195
3691
11978
3732
10260
4431
14534
13323
2879
9854
8863
7438
3840
6638
4228
254
10430
17010
6508
10021
11230
5234
8423
9866
8376
12781
10522
833
2912
9673
7841
2321
8256
298
9198
8187
7750
2022
14345
11848
588
3243
9653
1654
8700
3118
10666
10700
1983
7041
3082
11531
4985
8309
3961
10784
2335
83
5475
11412
7552
7795
15849
4397
1881
2607
2399
10953
7182
2666
9859
3071
8717
7202
15240
12901
2998
7596
1950
10932
2760
10427
3053
3769
5667
11458
2009
6701
9693
1834
2363
42
6870
9110
6949
7332
2410
2043
17600
10893
4183
9236
4054
15737
12973
6407
15178
2475
11517
7812
1894
8679
8364
10285
1694
7742
8259
8896
9083
9447
11512
11016
2230
2558
1947
2482
9269
1279
6511
2468
3431
14794
5200
12024
17061
2759
5741
9643
9416
53
9218
11074
170
2181
6218
14374
12983
819
10747
9149
10055
2366
13731
8695
2315
16013
3883
11354
12315
1297
7024
2450
7512
8590
1191
2323
10040
1026
4309
234
558
3936
5067
2633
2544
1828
11366
9173
11278
8057
7931
2407
4035
960
9698
11565
11750
4818
4777
8877
13592
2737
8884
2444
3763
7284
4712
12120
7559
945
5536
7699
5873
9024
8063
7860
11066
2251
8162
2739
11130
9237
7942
4053
2629
1531
3687
3251
9839
122
8621
4680
13319
9550
11446
3435
11945
4160
3990
8620
9476
5868
3608
3505
4850
8255
1899
6562
2511
25
35
4997
3154
2104
7230
7190
8797
7430
7806
2088
12952
4411
6622
1669
8120
10465
20014
2446
659
2036
3810
6930
10889
7031
2976
8265
3842
3750
3902
1769
644
7870
3899
8605
2906
2762
2126
9348
9579
2735
87
720
4834
15131
9251
9279
3335
10748
416
13216
11329
2427
4760
4703
2497
1257
5902
18330
4024
11821
895
2506
3164
2859
2890
11129
3948
3879
7681
9053
7349
8970
2248
4091
3182
2458
2507
2454
7809
13
11521
9889
3386
8963
506
3094
2561
1466
4047
2958
2673
10324
2340
260
3733
3966
3880
10763
11480
19638
17191
3305
15134
17242
14841
3854
2945
5084
12814
3220
9828
3070
2379
6625
9468
15886
9029
10622
12416
8702
7587
3501
3767
9046
8416
8801
10566
6650
3988
5674
4199
2336
3636
5998
3913
7398
10793
4026
4752
2309
7776
3181
3719
3280
4646
8341
6649
7348
11529
1340
3514
4315
1930
7694
11110
10269
799
7255
3806
7034
2970
2178
2400
12280
12042
8544
9967
3868
8554
12115
5187
6933
2676
6583
3703
5258
10228
9553
14661
5833
2865
2938
8561
2725
2889
2034
9477
5125
13509
405
8612
3839
6743
2584
8367
2644
2151
10905
2689
9980
3128
11387
3367
333
2359
5880
13068
1500
2513
5775
2645
5931
3016
10824
9451
11209
7367
313
9718
12180
17034
8867
2698
2667
5277
13870
8463
4681
11752
8419
10896
12878
64
11471
11083
5046
1447
5479
12614
8229
10418
12161
1244
4
7671
8406
8997
2555
5070
14682
3620
2296
14020
17462
2274
5871
1984
2573
5544
7838
9172
14718
12572
2428
8704
2775
10408
8883
1587
2295
7227
20672
8260
3079
2344
9114
8755
2162
12435
7521
7638
3639
14996
7974
8912
2579
1624
10121
3656
11258
8181
12892
14389
3910
2392
12307
8647
3439
2742
1070
3735
10949
7784
9675
11455
3830
5469
8340
1019
2869
3194
10841
3147
9503
2231
1562
5127
4991
15226
4870
12682
3734
10232
760
2592
360
9095
1962
9289
3973
3985
853
9491
3337
13138
3809
8543
5114
5155
3894
3755
12098
8643
12604
9905
4520
5713
11590
2546
3507
4051
12203
3953
3779
5815
3264
2771
2185
8299
2727
7435
11654
9259
8351
2501
1578
2120
15233
4222
8746
80
3482
293
3210
11913
2562
182
2076
4826
3141
5990
5449
8483
8086
11932
9443
1473
7803
2726
2661
8030
1673
8105
2552
1704
7498
7813
15128
7060
2503
3863
2478
11563
584
8962
4034
6039
8363
6940
2705
2209
7885
3506
7639
4782
5834
9562
8673
1845
6997
3942
2988
3672
1629
3711
2437
11923
7329
5963
948
11413
16516
7636
2158
7420
12649
14422
8882
9987
2070
9563
4894
1308
7821
2528
14840
2685
5407
633
2310
6857
16903
3823
7245
9508
2236
11836
17000
9509
3764
3597
3956
8421
1294
9115
5409
1838
3452
11086
10
7772
1636
12073
3770
13965
2901
12599
7256
4115
9196
3343
2160
10777
3389
8305
7386
2061
12275
8300
8709
10222
13237
6789
9346
1937
4286
5587
8281
12051
6464
12796
8383
13932
4910
1273
2991
8934
11424
3659
6938
9982
2074
9586
3313
7472
8366
7390
2653
7380
3066
2242
9134
9492
12295
501
4166
145
5420
13376
56
8478
3869
8373
1066
7382
5545
2747
10822
2628
7368
1582
9780
9264
11324
2536
3140
4709
17035
2136
7647
815
4577
4071
2616
8862
7993
4045
2723
4460
2564
4182
2481
7743
8598
2604
5620
2200
7582
5590
1085
8458
2215
8895
128
2537
11695
5300
8710
2828
4028
1861
2835
7746
5003
3611
6920
11666
1878
6894
638
12799
2699
8082
2260
7473
290
9440
1495
6503
3484
3315
3256
4940
6868
4207
12592
8845
4273
2862
2240
2674
1638
276
151
9225
11462
2691
1787
3397
2955
13696
4180
4097
1252
3489
2443
1967
3738
6667
7262
8131
5818
5894
7376
1175
2908
9109
8452
8999
3095
11408
1609
5381
6156
1247
9752
7572
8794
2044
10251
2626
1185
3479
11727
6593
3754
7161
2047
3127
1949
3870
18951
12172
1474
2836
11605
3876
3132
4927
4253
3774
11450
3523
8439
4124
2624
3858
61
11015
3882
5840
2006
3324
3457
3596
2479
1306
7465
14136
2453
2614
4001
9906
15092
3080
2325
7231
8885
4452
11958
1916
1888
8418
3349
8752
7436
3878
3898
2438
14303
6179
3087
8177
3273
7747
2406
1212
3752
9544
2144
8410
6592
18
2464
2002
6609
7826
1736
2688
11067
4264
8481
9262
13119
15141
9663
1156
9482
8036
3352
6839
9108
9827
2462
7377
10429
8449
14681
2279
8942
8601
3480
1165
12160
1678
7389
12797
5214
8765
7594
3158
3248
8386
11534
1731
1281
15362
8496
8753
2920
4250
11530
1606
4230
37
8837
4096
7698
8712
9018
12463
9583
2843
9353
6566
5019
6912
3633
3051
3120
3093
4165
2898
8145
12350
3362
3247
951
5025
4557
2107
1970
11225
12501
3449
9510
3476
2704
5028
7135
16607
7406
5397
13045
3669
5595
4979
12278
7791
1106
2286
7487
5179
5709
1658
12313
4297
2752
4233
16197
5933
2391
72
1223
1053
7140
4542
2965
3933
8607
9268
551
3976
1200
1969
6
3652
703
7560
2382
5971
8950
2597
2571
7318
13626
3215
2249
1468
43
2679
3395
2489
3650
2288
2184
7876
2290
6862
2175
4069
2056
4142
9145
2237
2980
1985
1830
5952
597
2944
4213
3433
3464
3867
5972
2415
4903
3008
2717
6670
5363
9432
2880
4792
2395
4272
2525
12861
1439
1218
6861
2357
1285
6540
8931
2452
389
3668
6986
8843
9475
3011
2064
5083
366
322
12430
9344
331
7174
1902
1511
1931
2660
3950
2870
3468
3200
730
978
3106
3469
1722
1873
12360
4466
3627
6116
1998
4298
1968
921
1687
3907
3895
7783
9430
2960
2772
1747
1514
1044
10080
3133
1033
3323
1693
217
9469
2850
6586
1248
764
9164
3856
3381
7504
9856
1799
2148
7665
316
1241
3451
5233
6410
6674
3209
8787
2972
3097
894
1991
4866
7222
184
367
1546
5447
3947
990
4786
5641
2929
5168
7467
2977
3805
2165
2147
3792
1209
3414
3446
2448
9253
2367
1522
3242
5247
4156
6822
3179
3377
3065
3121
1396
3366
10036
3649
7834
3444
7237
3255
2966
3078
10994
5816
3311
2567
1353
3645
341
8334
4307
3261
11417
15703
5236
1035
1136
3165
1651
1120
6506
4076
4104
2205
3798
3387
3317
3416
4510
2565
9235
5169
9033
993
9581
1216
3265
934
9527
2100
4159
3302
5425
4365
5918
5847
4244
3129
3390
3162
69
5703
1381
3151
3297
1389
2241
837
4018
5572
9038
898
1395
986
1850
3024
3056
3730
2256
3624
3931
278
702
857
3332
5024
3184
1824
1368
2978
3363
3294
7187
4238
1155
916
5520
2131
3604
10101
5016
4008
3171
8618
3780
3459
3383
3644
3398
4881
3131
5039
1038
3222
13164
5591
977
656
4136
4193
3777
1194
3682
3125
3219
1210
2153
3018
3610
1282
3807
4384
1052
3338
5473
263
3374
2191
3760
8661
2332
1657
8304
4344
3646
3266
9512
2883
5170
3159
5002
4996
1291
1515
8870
3166
3915
5478
3615
3665
11966
938
1528
1674
601
4014
1630
1090
831
1774
1935
3613
5427
5712
3454
5778
3263
8445
1266
3027
3708
2386
4737
2745
5358
3580
11344
1254
4885
1632
3512
3232
1846
1259
3287
1558
2140
3746
4231
4162
3690
6735
2984
5455
3223
4152
4292
6597
12815
6975
3787
3189
2396
9097
11024
11840
5181
5999
13663
16116
15610
9462
17464
17520
8925
7404
19778
4077
19924
8353
10240
7855
9466
18775
19413
6213
8272
7980
14532
17050
11092
19018
18852
17591
7011
5640
11696
5263
8549
5609
5745
11856
12319
13248
20772
8123
16432
20519
16093
7012
14774
20089
20083
162
10804
9388
5265
2542
16519
17859
19743
20533
20463
5445
20008
5608
19650
20807
12147
20655
20712
7013
17738
19843
19618
12623
14280
17047
17971
20263
18551
20787
16500
10861
8144
7016
12457
5158
14271
11693
16962
12118
20236
4844
20173
15024
9920
15152
7014
20540
5157
17879
12969
7006
19220
19534
20513
18762
12082
17500
14820
19575
7003
13142
9386
15996
18934
18861
17893
14783
10275
12252
20456
12043
16359
11808
20609
17919
11181
11857
11612
5800
9067
17523
16001
18921
15207
10088
7004
7229
15736
14101
12365
20550
17105
15188
12749
20632
20547
11197
12938
20348
13249
12196
6018
17100
20729
16735
10272
11941
19903
20245
14003
19787
17610
17461
20734
16305
10093
16665
17972
6773
19268
4139
6257
18323
19152
8738
8267
12767
16675
19651
19533
11500
4824
14188
18894
8501
3987
20386
19034
18275
7010
7296
17613
18106
11079
19362
20773
20703
6866
14500
16900
7005
17737
10630
18505
11338
17203
10506
10312
11165
7705
19596
12414
16085
20731
19856
16684
17213
18440
16162
20016
9438
19130
20593
11254
10720
2370
20315
18723
19073
20262
17630
5919
5925
19873
20399
9177
19238
18646
7009
20507
8124
10898
19915
11713
19582
18316
15926
20382
5154
18596
18736
8357
8344
11304
9554
18558
20490
10613
11178
19495
9524
6944
16706
20793
19805
8130
19474
19517
14371
20175
7002
16767
8790
12641
20716
20237
20563
11736
18353
20622
11223
16148
11036
11573
2764
12297
10954
14222
8007
17076
19134
20606
14299
15659
9998
20789
15260
19677
16979
18019
20802
6898
9437
17718
16752
12705
4813
10498
12487
8826
17686
19832
17374
9666
8378
18895
13881
15194
14516
18892
11976
19397
13740
18031
12431
20049
20063
19189
19236
6498
8426
18709
14129
16606
8296
6744
9286
18183
9954
13382
18687
4568
14515
14126
6963
16394
19113
20656
19326
8321
12967
17623
20392
8270
20462
4385
12896
7001
7914
16231
11202
16133
16868
10337
12186
18939
19006
7778
17539
12089
16275
15575
10967
18203
6393
4848
19710
19758
20686
16389
18944
6607
14541
20411
18827
5465
12489
19483
17444
17569
17133
13011
17568
12182
5217
7044
15187
6297
10182
20443
19722
20416
16914
19213
19719
19494
20415
12381
19771
11570
18367
11013
16272
17861
15858
11188
8788
15366
18195
12071
11948
14650
11218
18059
16509
12303
6493
12041
15853
20176
10238
20785
13383
4674
9179
17912
10386
12996
18105
18309
19684
9089
11823
20335
16630
9870
8479
19182
18418
17911
16238
12269
7732
9797
12664
6245
10762
9670
20413
13157
12971
20282
9263
13570
16847
16252
16209
16264
12678
14319
16602
18243
19632
17772
18515
20177
20755
8510
5275
16751
7887
18972
20433
11038
20248
9247
13118
18101
13276
17131
16896
10904
20428
17874
9908
6062
18835
11370
10455
14151
9789
12409
14540
11678
15918
19886
19464
8614
14451
12173
20713
20601
12898
14767
15142
12400
12981
19033
18039
16057
7336
20025
10789
13437
6960
11983
19599
16481
7645
18842
20721
17073
16821
7992
8670
20726
20305
10265
17420
14463
20048
15638
12308
20011
19699
19998
11211
15691
17140
18984
17354
20638
3683
8499
16355
20528
15455
17011
10999
20126
17654
20644
16983
17387
4121
17573
12133
20506
15933
6653
15947
20791
10593
8427
10201
10833
20195
20610
8377
13702
14461
15529
8487
17318
15084
8136
17049
11220
20142
16388
19820
12650
7898
9679
9433
15098
11113
15921
17589
15721
15192
19164
15584
9763
20578
19422
6881
14728
19041
15841
11420
11018
19458
14261
9452
14888
17027
17454
19081
20317
8908
18439
13230
17827
11849
19511
17882
11392
9043
14499
8524
19222
13886
13236
10376
14734
15060
6524
11495
19094
10853
14695
19685
8476
14392
16523
5945
16185
16679
19879
18862
18933
18322
18281
20699
14896
19423
17722
16302
19603
17690
19899
8389
15857
5005
16430
8397
12294
9830
14145
17819
4505
16304
19281
12125
16643
20500
16105
11394
18531
15315
12077
6761
18182
11497
7635
11939
20281
6705
12240
19466
16386
4916
19594
20188
19217
16447
16296
11800
20465
13452
4249
19734
14285
8814
10715
5336
10854
9996
19752
16559
15881
18891
20758
10532
15139
20136
19895
11583
3873
11779
12562
19951
6085
19036
12238
12835
6804
11809
17467
11375
12886
17299
16240
14798
19707
10367
12314
8173
18094
19706
20502
12438
15434
18761
17288
8545
12382
18966
18662
19201
20603
4290
14982
16943
18290
6668
9783
11585
17645
2293
12872
18210
12351
18251
6081
18888
19170
20369
12432
12838
14320
11804
11935
14637
20674
18802
6392
11090
17316
4424
6829
5450
17336
19718
13901
12485
16543
19970
11835
5658
15132
14240
6053
20499
5630
16893
15924
17390
20464
17633
20709
19619
13637
11912
20810
5858
19426
9656
10237
9188
16837
18839
14229
19487
8146
19424
19519
19642
10095
10767
20617
14339
7988
20389
11557
17601
19162
19269
17478
19736
20141
11621
9869
13358
8769
11933
16059
13411
12692
20494
13877
12863
14586
17311
20804
17442
7425
11869
20811
8500
12722
7915
12254
16797
12359
20561
13996
16181
19137
20493
19024
18706
19515
12234
17298
17447
8113
11279
15789
17456
19118
18981
13970
15140
8915
6037
2305
20388
7619
20759
16254
11708
20774
6264
13360
19616
19154
15041
18949
12761
16160
15842
18938
18236
13633
20172
19961
14336
13943
17212
20306
15348
18935
8829
19670
12949
15698
15469
10984
20640
17343
9345
9997
18048
8789
11746
17817
16554
16687
7632
19085
8875
15588
19128
16034
19592
2535
18813
20705
15421
14327
8683
16747
16236
15876
20633
19952
19607
10969
18294
9771
12448
19386
19536
12044
12982
11132
20780
17044
9946
20497
9027
20137
9757
19191
12468
11371
11961
10894
18890
8227
14926
12785
5490
18760
10023
19266
18696
5580
11492
12236
20531
8284
19705
12743
20112
16929
18749
19146
7913
8537
19979
14046
4664
11900
19901
20143
11555
13574
11911
9131
16982
20784
11620
16168
11714
10217
5190
20778
7909
18576
6657
16262
4695
12834
18913
11078
8635
7919
15006
11885
9125
15495
10183
16465
20430
19153
19496
6079
9073
14391
2878
12758
17477
20512
17975
8711
19871
11670
15323
19914
19045
19455
13136
17839
8295
17806
12738
12780
12517
14363
8966
12256
16011
19049
13914
9021
9022
10128
20552
18863
10098
20635
20343
9458
13649
14490
12472
19621
20724
18560
5987
13531
15392
20704
18523
13012
14325
17698
13675
13265
20728
5958
19093
12679
19686
17887
8454
10919
9861
13938
19682
16483
16096
13425
8068
20264
13141
6887
15193
20296
18433
9936
15100
15286
16547
18565
14088
13977
20598
20803
5090
12764
14338
4647
10083
15889
11208
9595
12411
16842
15056
19966
19400
8666
10262
10347
15516
15442
12566
19852
9840
10798
18520
16201
15535
20427
15866
19762
19692
11352
11930
15731
12364
18081
18175
13968
19102
20658
19829
20795
19376
11088
17067
20396
20747
16640
15790
7586
14446
17279
2712
13691
12215
18014
6080
7133
20486
14653
17290
12972
19535
17995
13676
11148
10394
12040
19745
19601
16476
12333
15564
20808
11271
20373
20776
13813
20367
9449
8658
9900
16007
8565
8795
7890
18942
16913
11887
18645
12378
15002
18715
10552
12691
20548
15180
20631
11921
17566
17003
10385
3686
9598
14557
18315
11062
14721
9487
14931
9120
15682
12769
20336
20798
5648
19525
12957
14872
16745
17169
8899
19864
20132
12046
17297
16718
14074
19075
9779
9976
19576
16757
9969
19513
9798
11224
14885
14759
17459
14627
10677
20121
15563
20657
20047
15355
11664
17030
15252
18288
20090
12464
19214
15223
17507
16644
19122
12895
16569
13978
10428
17620
19471
14669
16511
19101
20673
15951
18398
10640
10800
14713
13606
18087
8278
15333
7598
20568
16145
20182
20786
17902
11147
12366
19143
10768
13864
13198
9504
11706
12854
15922
16741
18812
16178
19755
12709
11526
19438
13659
17743
19624
15471
17852
19098
18419
18386
11652
15862
19647
9284
20277
18082
15634
17383
19104
16905
12772
17094
19100
7148
19641
11556
19294
11093
17315
16577
11603
13630
12959
13400
20404
17984
19982
4108
12991
20809
9700
10033
9450
18359
20475
7126
10508
15664
19480
18400
13871
20736
16218
16286
10393
17794
20161
17863
18726
10686
12505
19520
16768
11283
20602
17723
14938
16130
3083
20461
14205
16253
11153
9180
12606
16579
17818
19011
13708
19885
20127
16563
20783
19357
9467
19904
8657
14582
20700
15489
18058
20725
7381
20409
7734
20311
10361
11785
14711
19791
15769
3759
11190
14322
15652
20581
18006
12228
20394
10875
20284
16972
7545
7308
19907
20258
7933
19720
19039
12398
20156
18654
7718
9606
12735
8339
17407
4380
20039
9863
20676
9026
7897
15440
10185
16399
19029
18475
8316
6369
17548
5412
20586
18015
11614
9604
5337
20476
9265
8558
18352
20077
18754
8079
13916
20611
19421
18699
16693
13416
18532
8798
16427
18563
13735
13936
11020
16781
13420
17856
4211
12166
17097
9191
19411
19369
12417
14227
9613
18473
8593
17849
14722
12965
8678
19114
9577
19300
14543
18741
20769
15806
16927
9207
8071
45
15428
18843
13271
9078
17594
18978
16091
16652
20431
14849
16342
5513
10255
16035
4678
7740
20688
8831
19983
8443
6682
20140
15530
10467
7618
14915
14795
11168
4114
11023
12341
8531
19989
11275
17555
18009
12465
18979
19729
15959
12460
10714
7437
14731
7687
11060
19004
20466
20545
8411
14893
8737
10011
14195
8866
17481
10167
13715
15754
12889
18354
10502
11193
11927
9002
10353
20035
17310
5175
11522
5542
14341
18581
12930
16517
16100
20718
7593
9686
17313
16769
10935
9749
14957
13446
12053
18137
17358
13391
4388
8457
11172
12961
18363
14326
11323
18595
11207
10657
13698
15490
19637
14399
19442
19529
19450
10526
18450
7901
20110
11473
12966
14073
17170
11962
12585
9092
10781
12201
14943
20288
18186
3344
14613
15796
12640
10742
15419
18437
13366
11697
16894
14717
18529
9480
15589
20166
12549
8310
18349
20576
6237
14492
18448
14133
18707
8659
8182
16700
18319
11993
5807
8431
13485
14784
19981
13103
15658
20760
7584
11744
17988
9807
19960
16228
19375
12773
15447
16726
16033
18797
14978
17770
19807
20706
7749
9057
20702
16090
15483
12576
11864
13889
20362
11456
20321
19550
11805
5742
2376
20307
15357
19783
19499
20350
11350
8528
11205
17571
20587
12462
11942
7888
12942
20163
11586
19472
18910
20087
10405
13244
18115
14228
18958
16333
20604
10161
20645
9597
19156
17208
16825
12798
18522
15480
11085
17157
13723
11566
12713
15893
12907
9065
15937
8176
13745
20280
11061
12424
9518
15513
9456
19299
11726
12121
9708
9244
11986
13473
12577
19328
15528
19831
20796
20756
4909
10973
14825
18539
12385
20745
18652
20169
16095
15016
17994
19123
11786
15476
17418
12518
8040
19640
19393
3156
20630
11765
16101
15759
19967
20111
13030
5529
20115
11646
11134
20799
19078
19808
15906
18126
7145
18590
10713
19384
19837
19821
9615
14404
16875
17468
17814
10556
15688
4800
8035
18154
14075
10436
11056
14969
10820
5246
20138
5743
19567
8264
15518
7819
7544
15596
13778
18616
17528
19242
5216
19401
14200
15761
16794
15946
17920
16928
19615
19202
17183
15931
19451
17945
5886
15085
8723
7641
16405
12317
7305
10609
2470
6869
19711
14421
15733
19443
15399
15892
6352
11131
19387
17529
9694
5270
18198
7203
4196
7669
17954
14292
10494
12087
18971
11242
15230
9535
18849
8056
17941
11676
10530
5330
12481
10435
17334
20426
15684
8971
15546
8806
11675
20329
8611
6771
4928
18885
19246
19741
20508
15271
14349
11597
14397
15870
16357
19107
20027
14251
16537
19947
9651
19577
4119
5656
11288
9765
4291
11253
6447
5539
12954
3860
17891
17776
19862
19463
19358
2287
15515
7997
10290
15517
16599
17285
15961
11851
15720
11189
20509
19678
5629
4370
10866
20155
8467
10557
5837
19119
19936
15121
17835
15456
9287
6914
17446
16820
11104
13397
5375
7392
16126
17923
12279
16182
4089
15748
11552
18681
16818
20192
13953
19898
19867
18216
20279
2713
11233
10576
8189
14097
18818
13831
19972
4202
20229
12944
8675
12187
16612
10831
8358
13542
5074
11299
19964
20723
12230
14425
19855
9015
16010
11523
15438
4506
19932
10423
14790
18999
18698
16230
16603
17080
19109
10202
14587
3060
19412
10364
18877
20001
18430
12193
19133
12883
14843
18240
11607
19822
15992
15135
6754
13080
13272
16279
9047
11509
18062
15326
20242
14730
19759
4808
3138
20276
10979
11322
10291
20577
18956
14522
15039
17068
18501
20361
19416
19935
19447
15181
20779
19132
13246
14741
10297
16098
11301
14906
10873
9455
17916
14625
11297
8656
6883
13333
17476
10278
12306
7894
10114
20010
4229
12271
13641
16097
12926
19662
18634
17118
9551
13845
20720
5295
20324
18456
7896
11415
13590
17317
7036
7448
6312
20316
11537
19764
18922
12212
10456
13940
15502
15040
13726
12258
18878
19823
16214
17017
20538
19433
5673
12329
14990
20019
11898
5946
18624
20608
17429
4105
14923
20648
10888
14925
17469
19994
15089
18005
18023
20265
17220
17960
10391
18598
14768
9364
6697
17969
10090
16503
4067
18423
14483
12049
18886
15336
15970
18399
20771
20283
16350
11669
12344
7414
12208
20667
15250
16300
18882
15827
15096
17395
19026
14379
13229
13518
15661
19617
10172
14836
10908
20181
6627
13355
11470
19622
17508
13493
10771
12246
10244
8904
5464
11842
9711
17656
16529
19169
19256
11395
20270
12924
11579
9062
17144
12546
12578
10307
18740
13874
20621
12325
18358
16330
7977
19097
12070
5462
18192
19985
19797
7631
17062
18292
18436
20767
16917
15683
8898
11838
8398
12096
6249
19475
10031
8940
16364
3712
11679
5578
20240
9498
19477
19851
11801
20364
3934
20149
17325
19850
17616
19788
15830
14179
19321
19379
14746
8622
5461
16963
18525
14089
18155
10053
15864
18840
10132
14958
20620
16534
10366
5174
15752
6766
19689
12979
14796
14384
4176
20272
14950
17578
13252
16258
11309
18769
20484
20425
5560
16626
10207
15592
9549
20526
18779
8662
15182
14268
13525
20241
4929
11318
18658
9295
19882
14899
10676
20251
10030
15288
19062
20067
11931
12156
19744
9035
1982
13545
19175
19267
5414
18434
20358
10166
14845
6088
13748
15108
11834
14941
19503
13021
18994
15753
12609
18016
8342
18132
15669
20710
10485
10832
12218
19372
18661
3417
10029
6346
16378
18293
5378
2990
18659
7597
9270
11126
13619
19247
4915
15532
12198
14219
17779
19209
8414
15013
15253
10087
20103
8699
8508
18748
15899
12224
16831
15246
10300
15110
18697
19566
4774
17829
18807
6896
16689
19872
10277
19409
8534
10402
18403
13251
14091
19121
15786
19812
17786
20639
5530
16981
19489
20094
11465
18074
14878
16165
15221
14562
19135
11973
6435
16113
14477
16988
7371
11426
12710
20303
12778
15163
14489
15334
12663
16137
3768
6342
16866
15368
19751
20081
7893
19184
4043
18130
20694
20765
17364
2349
15063
8905
19646
20692
12746
12644
18300
2894
8606
9590
19210
8939
11820
17800
18255
19427
17088
19261
18222
14509
9742
14924
11169
19186
6628
15427
11053
8031
20301
13571
9747
7363
18468
8961
8444
18980
7136
5480
8858
15762
18879
18392
12100
13656
6395
15330
11421
20612
10902
18795
18173
12345
18721
8020
20351
15199
16526
13950
9635
12595
7199
14488
19195
15214
7814
10648
19108
20309
20751
8949
15667
11469
20797
19652
20489
19560
5466
11910
18605
7627
13078
12703
19709
8823
12890
17999
5781
19746
18798
17978
19695
13990
10533
10178
8147
20405
7908
5516
8282
16321
16521
16528
7445
15962
19956
10970
20574
16049
10524
12316
8759
9272
20616
5989
8879
15070
15845
20445
17433
11553
7200
16155
10264
17338
19833
9805
12911
5467
11558
15338
17931
20193
11368
19350
20468
17200
18196
17811
17057
12200
19664
3741
14599
12748
19221
11317
20124
11042
13595
16822
20043
16023
14856
18096
8212
18871
13685
12054
19491
12048
18258
14342
20559
19467
9243
9217
19262
12296
12320
18278
19913
7899
5776
7235
18976
20267
13858
19478
17888
17269
9178
20057
20801
17041
11272
13862
19260
8167
13948
10392
18670
5540
11373
18443
20201
18246
18444
17767
15632
12608
11463
18853
17973
18471
1745
5796
13609
19365
17949
3296
17775
13167
15936
19825
12833
16783
10723
15410
18993
10725
19445
6077
16326
15319
8548
12391
18783
12192
18051
15578
16742
18033
11467
19263
19058
8193
1004
19963
20607
15782
19505
19155
15898
18119
7848
19181
9502
18753
11617
11029
20707
18024
4254
13341
4715
11759
15538
14538
8087
16525
12871
16627
16756
12760
12273
16032
17689
18142
12225
11868
12488
20082
19116
16775
20613
19279
8375
19573
12752
12956
7903
19839
20408
11191
20184
15882
12274
18635
13018
9576
6450
18930
16780
19578
14581
20549
12868
14567
6890
19659
9271
17837
10632
12171
12440
6178
16615
19978
10665
15183
15617
17029
15747
12820
14452
13670
20390
19881
4803
7375
11160
13071
18568
19916
20583
11721
1382
20250
18998
13803
9034
12818
12214
20619
12843
19366
11832
8880
14275
19714
15501
13711
18814
9045
12286
17377
18810
16045
15484
16019
20575
12023
10685
14631
15191
6118
12394
9873
16138
20573
11780
11080
14749
17078
10414
13427
13352
10461
15735
13680
19066
16990
7661
9107
20651
19311
19781
18838
5677
20269
19730
12675
13403
17059
16471
16177
6598
7221
10712
10388
8220
7379
19687
19151
16397
11974
12951
5292
14027
17699
19900
4263
19552
13143
10311
7895
17876
5459
19658
4805
13432
9479
7881
12158
13105
8506
19863
19716
11660
7276
15565
13736
9574
14276
11422
15138
1505
20614
20722
20572
15395
15043
16016
12450
10170
9190
17734
20273
11616
19690
8337
19398
18496
16395
19023
9241
19909
18650
20677
9214
11715
16363
5474
9951
12287
9070
19083
16995
10257
8129
19383
11427
9991
17536
17724
18056
15764
17054
6323
6742
10594
12516
16863
13051
14942
10411
19228
17939
20675
15492
18158
20252
19595
14198
20322
19405
20457
16488
16575
7697
17099
8610
18782
14218
16020
19792
17025
18561
19012
16239
20766
8190
15784
13517
11219
5189
11661
17781
9904
8665
12157
20051
19504
11625
20194
8188
11186
12063
16043
14348
14473
17275
12074
10045
10225
10051
6998
18897
17093
15097
20167
8850
7902
10329
15771
13322
15035
16749
18884
19192
17134
16433
18156
13038
2449
6564
15245
14257
10134
18223
6824
9928
15818
20569
14077
20696
14933
17207
12953
18474
19374
11540
8232
15593
5973
18435
13973
11390
6086
9355
4571
13673
8569
19683
18093
11356
17782
18076
9368
15539
19160
10808
11076
11751
10109
16760
9925
10501
12452
17153
15422
16472
16163
8328
18833
8252
17588
18500
15982
16139
13975
20266
16754
9249
14740
18610
15485
13611
12605
12730
20615
14418
18711
18757
19987
11701
19446
12524
14699
18508
13435
20454
11298
15325
16832
20585
18660
10514
5413
11699
18550
18630
8559
19488
16464
16058
19008
9848
13351
18416
12582
18908
9206
13277
12964
16676
9678
17376
11967
19512
18758
16934
9740
14362
20741
4112
6416
17231
14165
11770
20114
19385
10528
8219
11698
12057
12728
12209
11486
8571
19908
12698
4618
12523
19542
18582
15641
20510
15486
19772
13465
8174
15458
14361
12919
18880
20328
14676
18030
7916
14566
19713
17810
4865
15867
12480
19148
10439
20004
6911
19312
14287
19177
19282
20095
13751
15510
17791
12844
9737
14265
8978
10976
5884
10753
17122
20800
15312
16235
15778
17063
2219
15439
11112
18017
14723
19244
15602
15973
14235
9593
20711
8674
20013
18408
15005
20116
16456
19587
17373
16260
13250
15800
5286
11772
8060
18504
18829
18213
17186
16216
18035
12997
13449
14132
18357
12060
15608
16495
19510
3589
11818
14876
15028
19803
17448
18957
20618
17702
14779
19810
17696
15916
2950
10424
9812
9981
17785
16763
12960
16
13020
15069
12458
15758
18667
12194
17816
19111
17092
14504
19609
13235
17914
19605
5663
16194
7889
7844
10145
12229
17350
15807
19770
10695
19526
16219
14854
20537
9983
15613
6113
10585
11789
17233
13816
16408
11022
18608
16402
12804
9558
13009
5415
15942
9755
19518
15266
11216
18719
7271
17992
15300
17331
16502
11740
10452
16150
17109
10692
10554
12763
8994
14607
19337
18633
19292
19131
16400
6775
13002
12312
17793
16936
14313
20287
12178
9203
10818
5463
18486
15980
17546
11114
20338
13548
10826
14246
17330
18001
14072
11766
13883
12395
18786
9872
13014
10351
6330
9318
13687
10061
9182
5702
17731
6444
13829
13739
14553
17215
15788
17445
9420
6602
13974
10151
8140
8897
12130
20244
18218
10117
12058
17271
11739
15269
18117
9124
19665
18700
19750
5644
18041
19906
18729
5705
11943
8343
18725
14063
11341
17382
17735
6083
12272
17245
11194
16810
12671
19092
12242
20627
18680
12875
16283
19308
7689
20422
11377
11407
15695
16158
19874
18389
13336
16458
5924
11362
7852
10325
19399
10740
17847
12216
2208
18745
13896
17498
9692
19301
13618
20678
19782
18931
12038
18943
16659
10674
15574
3234
10756
15929
9519
13479
12581
11702
12338
6541
17410
15090
16671
14800
19975
11319
17128
19813
17714
17872
13933
14997
15080
17648
19611
16978
20260
20522
17668
12940
5365
11907
16945
12622
16227
14902
16422
19958
5633
18167
2994
14618
18567
20029
17597
17253
10189
18164
19988
14715
19176
11149
18120
18299
12963
17223
12962
13106
15241
11293
8205
17323
17582
14838
12724
7816
12168
12790
17580
14495
18997
12059
15734
9490
9484
14099
8298
12389
18742
10814
14809
14916
16932
12119
18107
17423
15493
14001
12045
16444
11502
12697
13121
12762
15339
10644
7785
5001
12078
16839
18295
13047
20078
18261
8530
16720
19165
12298
13436
14048
12851
15648
6872
13920
14901
13903
11340
3996
14580
14973
16690
11273
12553
5801
20530
20198
15473
14611
11380
12050
18566
17979
20253
19333
13329
18618
17955
12264
9304
6978
17642
17264
19600
16801
16222
18974
18732
20174
12757
6248
9825
10160
14449
18426
20319
12589
15601
15313
8761
13326
20558
16937
11041
14163
17321
14932
9984
6490
6238
4491
8249
20125
13760
17950
18883
20076
17028
13841
10463
10928
11606
19025
7169
12526
15212
17855
3466
16425
11082
13187
13720
13342
17899
14955
16753
7570
12532
18420
18712
20356
2741
12657
18266
6686
5437
9418
13074
11908
19259
16784
20564
19773
9748
18235
13643
15094
14080
16938
12803
14551
16028
18327
16089
14939
20360
11690
19392
13255
10578
12766
20539
19345
16051
13544
14340
6542
13540
14766
20557
19556
12233
18917
19441
10434
20485
11672
15306
8450
8469
11146
14890
19288
17252
11810
15235
18701
9968
9086
8909
15284
11777
11947
18626
14616
19785
11794
14366
7691
18162
16902
19585
13076
14770
17824
6539
18834
14224
7301
20199
19965
13520
19315
9008
18556
18503
14991
13913
19656
18247
13960
10563
12094
16531
11107
17748
19708
16050
14053
18224
10706
18784
9413
16381
19371
18844
17224
18692
4552
14140
18177
6991
7257
15218
14011
16969
8733
14479
9855
11385
17621
16921
11414
11833
20274
16108
19588
7212
16410
12495
13005
12418
19738
10195
16620
14122
16880
19934
13849
8713
15839
20022
14403
10236
16190
9138
4955
17608
15907
10545
14214
18666
11952
14223
19147
19657
12693
12652
3035
19735
13308
13729
15557
17319
18946
16406
19846
20455
4280
5460
13994
20292
2318
12920
8701
13256
16859
19003
15125
13124
10901
7764
17130
13779
9898
7634
16959
2914
12136
12343
8638
13768
18089
16021
17553
19674
18988
16467
15687
19264
18549
19038
10158
18815
18546
9087
19693
16663
20385
6105
20460
15700
12153
19775
8547
18197
10869
14577
8253
9377
18543
17715
9453
12836
11499
16696
14453
19571
15783
12097
13652
17513
20275
20341
12870
18095
20144
7474
11331
20148
15917
19439
10357
12167
7723
11397
16277
18379
20570
9457
20152
20070
17437
9639
14750
18140
14254
16441
13135
14880
2281
10484
7217
9423
14458
10221
18425
12739
11880
15103
11802
7679
14685
8741
12047
12427
16128
16819
14747
16477
15690
10081
7892
13026
4823
18716
17172
10721
12159
20714
8428
15231
15091
10139
19053
14170
15840
16311
4289
18733
7789
19390
10868
9007
15826
20202
14094
13217
19912
16072
18453
9140
12699
19106
12808
18597
11300
19166
12199
18209
168
148
17369
19918
11109
17154
15570
10987
19227
17451
16421
12583
4793
12734
10772
13546
16635
14153
19313
11888
18952
6852
13330
17634
18528
10468
18381
15052
17522
15243
18649
19589
9505
16899
8981
18376
18548
17082
18781
8194
5097
12451
18109
8835
7864
17359
19316
18320
9374
19655
13987
16968
15603
5038
12150
17769
9326
12754
6507
19440
13111
16582
19235
13281
12330
17146
13718
18685
8902
16237
14186
9592
15948
16053
10929
14066
11505
13753
11347
17647
5722
17504
13431
16147
11433
19204
15536
11106
7869
13827
13453
19349
19211
7286
16714
20496
14858
18215
20069
17653
5208
15873
8636
19086
11255
19717
11321
9548
12249
9309
13175
12665
17768
8014
12393
14868
10005
18512
17789
12436
14989
15799
9085
12227
13537
9187
9397
15340
15542
19845
15825
12500
10865
8405
16379
13471
18684
18460
11235
9719
18628
19766
20391
8045
15816
16475
18497
8230
9712
19763
10608
10155
18768
18025
18578
12631
19481
20230
14835
3731
16667
14948
16841
18521
18639
11314
17680
15686
12869
18819
12428
16807
16971
6765
12321
16470
20101
17938
12736
20588
18836
13732
8645
11464
12607
11965
3939
13625
16710
16080
20062
20164
18401
16892
9602
15015
13428
13684
14253
12265
20442
3820
19509
19712
19448
20344
13884
12536
18149
19330
9657
19020
13850
19070
15719
18305
12591
12853
12765
19200
19172
8552
7628
11599
19190
16445
18388
17587
14897
20118
17532
20065
10127
18344
11622
14290
19000
17846
19756
12373
16039
16234
13126
18537
13707
14239
16081
11626
19043
13878
19584
20147
9118
16506
16705
11474
8926
17237
15554
6442
20660
13426
16589
17487
17611
10512
8149
12987
16755
17565
14447
12737
13809
14518
14109
19167
15625
18977
18887
14628
19516
13560
19329
10102
10525
4122
19604
10515
14665
14811
18070
8441
7428
14041
11564
12090
17261
8868
7611
8141
9075
20098
17890
7038
19581
9766
8117
14289
8204
15114
18267
16994
10722
13127
18674
19089
18770
19297
18785
17593
19911
8832
19096
17300
15837
5744
8964
18397
13064
17572
14660
13762
19715
19508
11924
20170
10858
9943
12093
8599
11247
10420
14702
13267
19370
12893
15385
20534
15236
7475
5949
6689
17586
11305
20544
18166
12873
18148
14414
10877
6482
13386
15727
20228
10104
9261
8294
14475
8135
18533
17125
16557
15341
5508
5786
15265
19231
18495
12510
18181
19419
19726
19861
5985
6405
17258
16164
14705
8770
13543
16027
19046
9342
2282
8745
10952
16411
8619
11139
19506
14535
9767
16466
9495
16435
9917
17132
10675
18904
9054
14799
17626
14329
12590
14871
11326
16642
15352
18371
19811
15726
15953
19284
17302
14561
20634
11882
18027
16510
8160
9820
14952
11814
10815
10024
13992
15635
18982
12775
18545
17777
20352
14465
13997
13868
12421
11894
3786
6084
10971
19524
11525
16672
8002
18846
13497
15728
17114
16054
7074
14928
1464
15396
8540
18229
18338
14698
17574
10560
19140
14971
14873
17294
9703
16366
14855
14105
18276
15932
8865
3004
19569
17493
17161
10899
13964
16494
14834
13439
16746
13866
12588
13399
10951
14160
8453
9578
17904
13286
14732
11383
13339
19799
14009
19897
18277
9641
10150
17291
12791
17897
9520
17492
18382
17501
17249
2947
14191
15891
9005
13869
18124
15262
16151
14467
8126
9158
15437
19929
20002
18000
15586
20302
16560
8676
14976
12355
14263
17278
17833
16212
10303
17646
8394
12223
18482
13911
20763
14131
15756
13433
16508
16480
11893
9273
7900
17403
16014
9208
20024
13716
12020
9681
11632
17230
11569
18313
15890
19532
12839
12248
6906
19626
12255
6448
17308
13657
15258
19857
18061
4102
17411
12109
19188
20342
19754
8470
18304
11762
16785
10169
13429
7462
11348
8125
14154
19892
17151
17982
14096
5132
18820
18808
15594
18302
18594
15639
16289
18230
9332
8517
19570
8486
5533
4276
7518
10598
9710
20313
15566
12792
11243
7918
5404
20290
17989
11964
10196
15232
15344
16251
13212
9185
15487
18402
15150
14112
3993
17352
16600
13616
17056
2724
7191
13843
14476
20018
16901
15509
19437
8159
15587
12928
11425
10234
15282
19649
16649
19973
5521
9632
13894
15275
14045
15677
16003
17486
20318
12179
14621
10271
11896
16750
17521
13269
19631
19435
13434
18312
7103
5698
12116
16387
20153
16103
3789
17306
12537
17379
15050
19468
8930
15464
10079
3716
11753
8625
10555
3929
19470
20379
17431
17629
19444
18929
15572
5912
16206
18442
20320
15370
7073
17596
8244
13036
18796
16417
16692
12251
14585
15374
15099
15990
16609
9522
17228
19232
15278
13820
4381
11929
14079
16871
18351
14742
8758
17712
11985
12492
16323
18722
9367
16592
17761
15985
10960
10174
17804
9391
6087
8518
5052
14357
19048
17780
5108
9231
11757
8993
19414
20432
18084
11292
7513
19348
12690
17674
11009
16478
10199
15803
18542
4555
18374
15583
18873
18619
3123
18073
19531
8046
19052
14207
6082
4677
11822
13924
8681
12135
15989
18421
19723
7843
19971
11431
20300
8844
18113
11705
11429
19302
12985
5765
17733
15871
19157
5165
11878
11263
19293
14174
9300
10661
14642
19125
18514
12939
10154
11355
13598
14272
19255
14649
16132
16867
18800
17227
16984
18169
7762
8286
18584
17851
16833
14278
17563
12584
14526
18669
10179
20325
15029
12266
18730
19724
16068
20108
11410
18412
12897
14333
13573
18190
12827
19794
10870
9932
20249
12904
20498
15901
18135
8184
15441
20106
13882
18841
6867
18111
14104
9132
14600
12434
17759
19205
6111
15283
5782
18577
16143
18193
16773
15694
8802
12702
18455
9489
20567
15346
14510
14981
20542
18704
16877
19591
15205
12390
17514
12413
15294
15909
16708
16175
19396
6225
12349
9316
11682
9607
13567
8959
6989
17575
12825
9862
19174
16656
15908
3761
14866
17570
13893
11897
7507
10482
8881
16712
16738
20370
12821
7530
6565
7355
19796
12823
15093
15154
16335
8853
19921
10925
15289
8943
12013
10289
19007
10863
18671
19653
11949
11105
15957
14545
18201
18924
16211
20037
11938
16887
9294
19343
10035
15568
11384
11382
18771
11069
15268
17210
9605
9352
11287
14267
16655
15848
19074
6983
17496
11655
19742
5219
12634
9824
20470
16217
10387
14861
18912
14429
2371
10443
17014
17926
10887
14324
16860
17614
14424
12543
5434
12574
10266
14181
13423
16568
9276
10850
16135
17455
16507
12879
16999
9879
12408
9465
12176
17805
20171
13559
13019
17567
9631
19295
4033
17908
3259
18517
12840
14013
16284
14197
18691
19285
14378
5355
8736
16412
14594
18615
6874
17339
5088
9312
20162
20469
5534
15597
6256
11854
16853
14748
20730
5278
13908
17225
17583
13207
11988
16424
18866
14137
14387
12211
18424
18055
14647
20053
18562
14416
7116
14807
7832
15794
4773
15354
11163
16513
12806
20398
16846
9302
15175
10829
11033
18341
14930
18447
16119
17066
67
14659
18410
11047
12695
15446
15238
17880
19059
10751
14837
16789
12933
12950
17164
11418
18889
5076
14863
14839
17595
10050
18219
8011
18361
15887
17515
12467
5393
18465
8156
13522
13667
13504
10249
12473
15543
16203
18806
5379
15763
6468
20387
19173
16779
17483
18759
15454
18874
19671
18948
9910
5399
17701
15732
12476
15239
19257
7483
14172
12910
18179
15831
10059
5914
18214
17678
19087
14726
17246
16594
7075
20058
13048
16276
19691
8555
17558
7614
8691
17120
14960
9945
10801
17813
12558
19382
15404
9193
9886
16799
18194
16109
9736
18575
19848
9369
16947
8048
6107
10918
11610
10895
18611
16136
20032
15073
14984
16762
14182
15878
20040
11953
13780
18926
14161
17502
13040
18788
15403
17705
17934
17142
14506
13710
8172
16625
15526
9426
19561
18492
19545
11797
11177
15779
10620
6626
14382
17453
20061
17832
12571
11992
13202
16344
12575
12439
12932
19883
15730
19968
18826
14114
12484
16257
12032
16204
17174
19368
8331
6796
10504
12475
18185
19142
8952
11454
10379
9167
14204
19634
2343
16558
17797
5792
9630
11075
5220
18739
11468
17581
13783
9569
2247
6253
5857
8778
16854
18178
15963
18603
17543
11771
4984
12494
11981
12613
6976
9837
6888
16598
5204
18239
18404
5789
9395
12001
18021
6984
15211
17795
10764
7752
5814
16761
17952
14409
15206
14323
12802
13233
19230
11886
13512
20246
11995
14498
16977
20459
6700
17015
7891
8415
19950
9082
12852
15689
5746
10513
2603
11895
19180
18747
19141
14025
12874
19666
5697
15079
5563
15508
19291
16518
11364
9619
19613
5430
10544
5806
11596
18384
5433
19521
8864
20064
18690
16571
19939
16812
13534
10441
12085
12426
14781
3432
5900
13937
13788
16499
19991
18318
10349
9059
2419
12857
12459
9547
6905
10449
15559
18903
16808
11027
19158
14655
15994
19296
18932
20653
19095
9650
11619
6240
13356
12152
17762
7720
8485
15477
20074
2631
14030
9941
9150
15988
10733
16862
18152
13032
6040
9081
15136
18518
4797
5282
8522
18050
8804
3231
8740
18100
10274
14428
15162
4079
9790
17744
12619
10847
17032
17831
11994
12917
17710
16595
7399
5160
15609
16038
9539
14086
19868
18731
12336
15820
12624
9921
14645
14700
12912
11937
11459
16017
13205
6624
19703
5143
12026
7333
7423
11539
18601
12570
10492
6684
5489
7109
7154
17111
20579
6907
6889
13746
16144
18289
12284
11017
6935
17790
9594
12753
11774
12380
15723
6446
20105
17695
5518
5599
18511
7761
13357
16278
10851
11684
13781
16377
12658
5253
9407
3013
17545
17266
5078
3286
17085
7049
2112
12346
4983
2876
6353
13532
12552
6094
16290
7273
15838
15432
6680
6971
5255
7515
6320
5130
14810
13190
6543
215
6823
7539
12807
10570
7684
8448
14116
10065
15065
12034
13120
10653
16398
9074
4936
6714
11889
17435
10516
13576
4546
11026
3456
16889
6211
8566
11915
14359
12399
16331
10350
16809
11972
11971
13374
8854
12397
13821
18310
18122
14396
14455
8682
3962
6803
9399
17526
6760
12144
12080
13848
9393
15551
16505
15468
18996
18202
13942
17763
18898
13529
11817
15068
9378
911
11363
17284
14035
13419
17612
17494
11491
13241
3516
18950
18702
19962
17489
9829
14169
12568
14962
14127
17428
13331
18509
15051
10075
11504
10848
3664
9810
18985
12377
3888
16166
8839
2846
7787
14675
13247
17560
7986
3949
17907
7536
16092
13123
15151
1250
13177
5538
12511
8653
14064
16806
20026
19171
3758
7625
78
17303
17304
8651
11393
5785
17740
14850
10696
9169
5623
5659
8560
141
154
212
460
572
733
918
1020
1135
1146
1159
1164
1351
1398
1454
1504
1623
1711
1784
2066
2091
2255
2329
2403
2459
2746
2852
2907
2986
2987
3006
3061
3085
3144
3149
3152
3198
3208
3238
3252
3253
3257
3258
3276
3295
3304
3325
3328
3347
3354
3404
3470
3504
3582
3679
3692
3744
3790
3791
3832
3849
3891
3916
3920
3925
3954
3980
3997
4013
4020
4027
4048
4125
4132
4150
4174
4184
4212
4225
4251
4261
4262
4274
4306
4324
4427
4448
4487
4495
4502
4525
4538
4545
4623
4630
4693
4697
4754
4787
4794
4801
4819
4835
4864
4892
4918
4920
4975
5065
5109
5135
5180
5184
5192
5251
5259
5267
5287
5316
5320
5322
5329
5332
5334
5343
5362
5364
5366
5367
5383
5392
5400
5403
5418
5486
5487
5512
5556
5577
5619
5651
5660
5686
5694
5704
5721
5729
5732
5749
5751
5752
5753
5754
5755
5763
5764
5779
5803
5809
5820
5827
5828
5842
5843
5849
5850
5856
5881
5885
5889
5898
5904
5926
5932
5935
5955
5965
5967
5969
5993
5995
6004
6025
6028
6051
6070
6075
6090
6099
6110
6126
6129
6130
6131
6139
6140
6141
6143
6145
6155
6158
6159
6219
6243
6246
6262
6266
6326
6376
6406
6423
6436
6457
6475
6477
6487
6496
6501
6519
6527
6529
6532
6533
6556
6558
6559
6572
6584
6594
6600
6615
6621
6645
6654
6655
6664
6672
6675
6692
6693
6696
6703
6704
6708
6722
6732
6799
6850
6863
6886
6909
6916
6918
6919
6931
6934
6956
6961
6965
6966
6982
7020
7021
7030
7047
7063
7077
7084
7093
7113
7118
7122
7134
7141
7159
7166
7178
7198
7211
7214
7215
7223
7243
7247
7250
7263
7277
7307
7309
7317
7331
7346
7351
7353
7366
7385
7391
7396
7400
7403
7410
7442
7447
7454
7469
7478
7481
7489
7496
7510
7511
7514
7517
7534
7540
7547
7551
7554
7558
7569
7574
7579
7583
7589
7609
7612
7613
7620
7623
7640
7643
7650
7655
7658
7670
7676
7680
7690
7714
7717
7721
7727
7739
7751
7753
7756
7763
7771
7779
7788
7811
7815
7828
7835
7851
7862
7880
7884
7886
7917
7921
7923
7924
7925
7926
7927
7928
7930
7932
7947
7949
7965
7969
7972
7973
7981
7990
7991
7996
7998
8012
8019
8032
8059
8074
8076
8077
8084
8093
8103
8106
8112
8121
8134
8137
8150
8169
8180
8185
8186
8196
8198
8201
8207
8213
8217
8221
8224
8233
8235
8237
8243
8247
8268
8275
8293
8314
8319
8323
8325
8330
8336
8345
8372
8379
8382
8390
8393
8400
8412
8413
8433
8442
8455
8459
8464
8493
8513
8515
8532
8556
8557
8563
8575
8578
8583
8588
8594
8595
8629
8633
8634
8640
8650
8652
8654
8667
8671
8680
8690
8725
8744
8760
8780
8807
8811
8840
8841
8851
8852
8856
8859
8871
8886
8893
8901
8910
8947
8957
8960
9009
9016
9023
9031
9039
9051
9055
9064
9077
9091
9093
9105
9106
9139
9151
9153
9157
9160
9171
9186
9213
9226
9229
9233
9234
9238
9240
9257
9274
9278
9283
9292
9296
9319
9323
9329
9330
9340
9347
9349
9359
9373
9387
9394
9412
9414
9428
9478
9496
9532
9533
9538
9556
9559
9575
9580
9609
9618
9620
9625
9626
9628
9655
9660
9662
9671
9677
9685
9701
9713
9751
9759
9795
9796
9799
9817
9819
9842
9844
9851
9888
9899
9901
9926
9930
9947
9949
10003
10027
10034
10044
10048
10060
10078
10089
10113
10123
10136
10157
10177
10197
10205
10208
10235
10242
10252
10253
10282
10298
10314
10339
10384
10419
10426
10445
10480
10491
10511
10517
10519
10550
10584
10605
10616
10628
10636
10639
10646
10663
10681
10684
10693
10705
10724
10730
10731
10735
10757
10775
10783
10785
10790
10797
10799
10807
10809
10810
10819
10830
10839
10844
10864
10881
10900
10909
10914
10922
10937
10944
10955
10963
10965
10968
10978
10980
10990
11003
11007
11011
11037
11039
11043
11046
11055
11108
11119
11120
11121
11125
11133
11158
11185
11187
11227
11265
11276
11277
11311
11313
11316
11332
11333
11336
11359
11360
11365
11378
11404
11453
11466
11503
11507
11559
11575
11576
11582
11591
11593
11600
11613
11615
11641
11644
11680
11689
11692
11707
11716
11717
11724
11728
11734
11747
11764
11775
11784
11787
11792
11806
11807
11811
11812
11813
11827
11839
11855
11858
11862
11872
11873
11879
11890
11905
11914
11916
11922
11968
11969
11970
11991
11996
11997
11999
12000
12002
12003
12004
12005
12006
12008
12014
12016
12027
12029
12035
12068
12079
12083
12102
12113
12117
12124
12149
12154
12183
12202
12239
12257
12261
12281
12318
12324
12328
12332
12342
12347
12353
12361
12362
12370
12375
12407
12419
12420
12423
12455
12469
12477
12490
12515
12529
12530
12533
12534
12540
12542
12556
12557
12559
12563
12596
12643
12648
12661
12670
12676
12696
12712
12723
12731
12733
12742
12747
12750
12784
12810
12824
12850
12902
12903
12906
12909
12913
12922
12927
12941
12943
12958
12984
12998
13025
13041
13046
13197
13211
13215
13239
13231
13243
13245
13320
13327
13325
13337
13334
13361
13368
13372
13371
13407
13395
13410
13414
13421
13430
13424
13466
13467
13505
13510
13513
13536
13577
13578
13579
13582
13581
13614
13591
13620
13624
13635
13629
13642
13651
13644
13671
13719
13721
13728
13743
13749
13752
13755
13770
13808
13830
13835
13840
13842
13853
13854
13859
13872
13873
13887
13888
13899
13904
13915
13918
13929
13931
13944
13976
13985
13989
13991
13999
14002
14006
14019
14026
14031
14036
14037
14038
14039
14058
14067
14069
14070
14076
14083
14084
14095
14106
14119
14123
14159
14156
14162
14177
14184
14193
14199
14203
14211
14230
14237
14243
14256
14259
14270
14288
14293
14296
14302
14312
14317
14315
14321
14350
14356
14367
14368
14369
14375
14380
14407
14413
14427
14437
14438
14442
14443
14464
14445
14468
14469
14474
14470
14487
14491
14493
14507
14514
14525
14531
14529
14544
14539
14548
14558
14552
14565
14568
14570
14606
14615
14622
14629
14663
14636
14670
14668
14674
14678
14688
14703
14707
14709
14753
14754
14757
14765
14780
14789
14814
14844
14848
14857
14895
14905
14907
14921
14937
14947
14953
14961
14965
14967
14968
14970
14972
14985
14994
15008
15017
15018
15019
15025
15027
15031
15032
15036
15045
15075
15104
15106
15107
15111
15112
15123
15143
15147
15157
15158
15159
15160
15170
15171
15179
15185
15196
15204
15247
15267
15272
15276
15277
15302
15308
15347
15365
15371
15376
15379
15382
15384
15387
15397
15398
15402
15413
15462
15472
15479
15525
15534
15540
15545
15548
15550
15556
15567
15606
15611
15612
15614
15618
15627
15645
15649
15655
15672
15705
15715
15739
15749
15768
15776
15792
15798
15811
15814
15828
15829
15832
15833
15852
15854
15855
15872
15875
15879
15880
15888
15894
15895
15896
15904
15925
15935
15944
15964
15967
15968
15976
15979
15983
15991
15995
15997
16018
16024
16025
16026
16030
16037
16041
16044
16055
16074
16077
16099
16102
16123
16125
16129
16142
16149
16153
16157
16179
16183
16184
16191
16196
16198
16199
16207
16208
16215
16224
16226
16242
16247
16255
16256
16263
16266
16267
16269
16271
16281
16288
16292
16306
16308
16318
16319
16328
16329
16337
16338
16339
16340
16341
16347
16353
16354
16369
16373
16375
16396
16407
16436
16437
16446
16449
16451
16455
16459
16468
16479
16497
16498
16514
16527
16536
16539
16542
16555
16566
16580
16590
16636
16638
16646
16657
16673
16680
16682
16686
16691
16695
16702
16703
16704
16709
16715
16721
16727
16739
16759
16772
16805
16815
16817
16838
16845
16849
16865
16869
16870
16873
16874
16886
16895
16906
16918
16923
16933
16935
16940
16942
16944
16957
16991
16998
17002
17004
17013
17026
17031
17045
17053
17083
17084
17087
17089
17101
17113
17117
17137
17138
17141
17147
17149
17163
17190
17199
17201
17214
17218
17219
17222
17235
17256
17259
17263
17268
17272
17273
17277
17286
17301
17307
17344
17346
17355
17356
17360
17367
17368
17388
17391
17393
17394
17396
17399
17402
17416
17419
17422
17432
17440
17449
17458
17460
17473
17511
17533
17534
17535
17541
17551
17554
17557
17619
17622
17636
17638
17639
17640
17649
17650
17652
17655
17657
17659
17670
17672
17676
17684
17692
17706
17708
17720
17730
17741
17746
17747
17764
17784
17798
17815
17820
17826
17843
17854
17877
17886
17898
17913
17930
17933
17942
17944
17948
17951
17962
17965
17976
17980
17985
17987
18003
18012
18022
18032
18040
18045
18054
18064
18065
18068
18086
18092
18118
18121
18125
18128
18129
18131
18136
18138
18141
18144
18151
18170
18180
18189
18199
18204
18212
18220
18228
18231
18234
18237
18238
18269
18271
18273
18274
18282
18283
18291
18298
18314
18324
18335
18346
18347
18350
18356
18362
18364
18368
18370
18378
18390
18391
18394
18396
18405
18411
18413
18414
18415
18431
18432
18441
18458
18459
18464
18467
18485
18493
18498
18502
18547
18564
18570
18571
18573
18574
18593
18599
18604
18609
18612
18613
18625
18627
18643
18647
18653
18686
18695
18713
18737
18765
18767
18774
18777
18780
18799
18801
18804
18816
18830
18831
18832
18864
18868
18902
18937
18947
18953
18955
18959
19010
19027
19028
19056
19065
19077
19084
19090
19110
19117
19145
19159
19168
19196
19207
19219
19223
19224
19225
19234
19252
19265
19283
19286
19287
19318
19319
19325
19331
19332
19347
19377
19378
19415
19418
19429
19430
19431
19432
19436
19459
19469
19490
19507
19523
19543
19553
19555
19557
19563
19564
19565
19583
19597
19625
19627
19643
19648
19654
19660
19661
19663
19667
19672
19675
19676
19681
19700
19728
19737
19774
19795
19798
19804
19809
19816
19817
19818
19824
19830
19842
19853
19858
19869
19910
19917
19928
19933
19946
19953
19974
19977
19984
19990
19992
19995
19997
20005
20015
20017
20020
20021
20033
20038
20066
20080
20097
20102
20133
20187
20232
20239
20271
20278
20299
20327
20339
20345
20353
20357
20435
20439
20467
20495
20504
20529
20543
20582
20592
20649
20668
20743
20770
20775
20777
20782
14277
7
9
12
14
15
17
19
20
22
23
24
26
27
28
29
30
31
32
33
34
36
38
39
40
44
46
47
48
49
50
51
54
55
57
